5 99
386 452
452 462
462 515
515 541
541 556
556 621
621 703
703 713
713 740
848 941
965 1057
1057 1153
1314 1384
1521 1604
0 74
94 125
125 213
213 264
485 542
852 930
930 938
972 979
1029 1120
1140 1219
1219 1237
1237 1288
1288 1306
1330 1429
1429 1462
0 4
117 199
199 239
239 325
325 375
375 429
429 450
450 456
475 529
556 624
624 706
706 726
726 765
765 800
904 972
125 198
198 221
239 269
269 299
299 352
681 775
820 878
900 993
1093 1125
1125 1216
1220 1250
1250 1306
1306 1333
1429 1521
1521 1530
0 78
78 101
101 122
142 202
252 288
288 317
317 412
740 839
839 918
918 994
1004 1097
1126 1168
1168 1220
1272 1314
1355 1451
0 29
541 602
612 700
700 770
770 786
786 817
839 904
904 987
987 1065
1097 1123
1219 1269
1384 1471
1471 1533
1533 1547
1547 1577
0 18
18 93
93 113
113 117
117 208
375 443
443 462
462 516
516 601
700 773
773 816
816 840
840 877
878 965
1533 1599
64 96
198 250
251 260
260 309
325 386
450 485
485 584
584 646
646 652
713 775
775 782
889 969
969 972
972 1029
1029 1036
57 142
142 172
172 268
268 359
445 458
462 549
652 734
824 907
1067 1145
1145 1201
1306 1391
1391 1399
1399 1465
1465 1553
1553 1568
0 5
5 64
64 94
94 154
199 240
458 475
542 608
800 889
889 967
987 1075
1123 1192
1333 1378
1378 1460
1460 1466
1466 1479
125 215
215 242
242 243
243 251
251 342
452 532
533 622
622 671
671 703
840 868
969 1059
1237 1330
1340 1346
1346 1381
1462 1535
0 47
49 92
529 604
604 612
622 673
673 676
706 790
790 824
824 852
979 1039
1057 1126
1192 1237
1288 1355
1355 1413
1466 1553
29 94
240 302
352 449
449 469
469 500
500 533
533 566
604 681
770 820
820 900
900 948
1250 1340
1378 1453
1453 1549
1549 1593
0 28
28 49
74 125
608 683
683 700
700 789
789 848
948 1004
1004 1067
1075 1093
1093 1110
1110 1140
1140 1156
1156 1163
1237 1272
0 57
57 73
73 115
122 156
215 252
252 278
278 346
359 432
432 437
437 445
515 527
602 689
1163 1246
1246 1266
1479 1576
1604
