51 106
106 172
172 220
305 364
364 372
372 393
393 457
542 549
855 935
935 940
953 1012
1023 1031
1031 1122
1122 1133
1429 1510
457 543
632 708
754 794
847 923
944 953
953 976
999 1079
1119 1170
1170 1216
1216 1264
1264 1332
1351 1402
1402 1417
1417 1422
1537 1619
320 404
520 617
617 643
708 778
778 811
935 966
1072 1092
1092 1131
1131 1173
1173 1206
1207 1277
1322 1406
1406 1429
1429 1483
1483 1538
0 60
137 219
221 235
235 271
298 320
560 581
586 589
589 600
600 682
1225 1317
1378 1430
1430 1515
1515 1592
1631 1634
1634 1723
54 137
205 238
304 319
433 469
490 586
586 685
857 938
938 962
1173 1232
1232 1321
1321 1332
1332 1345
1345 1371
1532 1623
1644 1731
0 51
67 87
255 344
404 503
658 753
759 800
800 807
975 1042
1042 1119
1133 1178
1178 1252
1287 1378
1538 1625
1625 1626
1626 1681
54 89
276 347
352 399
399 433
433 510
534 602
602 687
707 734
734 736
1099 1198
1198 1207
1207 1225
1225 1253
1253 1286
1286 1378
0 76
320 378
378 415
415 443
552 632
658 754
754 851
968 1060
1060 1144
1206 1274
1321 1322
1322 1408
1408 1441
1623 1689
1731 1751
0 17
17 28
28 46
364 454
595 652
652 747
780 797
822 855
962 1023
1023 1072
1076 1112
1178 1216
1225 1287
1558 1631
1631 1656
17 99
108 192
217 304
335 379
568 664
664 728
754 822
822 879
879 944
1060 1149
1198 1240
1494 1571
1571 1614
1614 1690
1690 1728
0 54
54 120
120 128
128 176
379 463
475 490
687 780
1179 1273
1273 1330
1330 1346
1417 1481
1481 1494
1496 1558
1601 1664
1664 1717
87 108
138 208
208 250
319 348
454 537
537 542
542 558
581 657
688 755
811 857
956 1023
1268 1351
1351 1397
1397 1426
1493 1519
0 96
96 138
172 221
276 330
372 430
430 438
443 484
503 517
517 552
552 561
561 635
635 651
657 707
794 863
923 968
176 245
245 335
335 352
352 370
430 475
475 523
537 568
568 597
682 709
991 1076
1216 1287
1430 1522
1522 1542
1542 1553
1634 1720
140 181
181 205
205 287
314 364
508 532
549 624
624 658
674 754
807 878
878 932
944 949
949 991
991 999
1042 1077
1543 1636
0 63
63 67
76 161
245 298
298 359
438 492
492 508
508 526
529 534
885 928
928 952
952 1040
1112 1179
1346 1425
1426 1467
0 17
17 54
220 276
370 440
440 496
496 520
624 719
747 759
976 1072
1072 1099
1170 1225
1232 1268
1496 1537
1537 1602
1625 1648
235 314
314 320
440 529
589 658
658 674
709 765
765 846
846 944
944 956
956 975
1405 1493
1493 1496
1496 1532
1571 1638
1638 1712
89 127
127 203
208 255
255 276
378 458
463 560
560 595
643 688
753 827
827 919
1253 1351
1351 1405
1405 1496
1522 1601
1636 1682
106 140
161 217
217 243
243 305
765 847
847 885
966 1055
1055 1088
1088 1138
1332 1394
1441 1480
1480 1543
1543 1631
1631 1644
1690 1732
1751
