0 33
33 41
298 379
379 447
506 534
534 625
630 721
732 806
806 813
813 820
820 839
839 889
1551 1616
1616 1669
1669 1678
1678 1768
1768 1837
1837 1887
1887 1945
1945 1958
332 401
405 415
534 592
592 602
602 693
693 698
699 736
736 745
745 838
847 941
941 987
1107 1162
1302 1401
1425 1453
1637 1732
1745 1839
1839 1843
1843 1894
1894 1953
1953 1963
0 79
228 298
320 355
415 497
498 533
602 686
686 720
720 807
1119 1210
1276 1345
1346 1358
1438 1469
1511 1605
1605 1670
1670 1683
1683 1699
1699 1738
1765 1811
1825 1829
1829 1903
60 110
110 150
442 523
523 570
684 780
780 847
847 941
998 1051
1051 1073
1073 1090
1146 1169
1169 1193
1193 1259
1321 1336
1450 1506
1556 1640
1738 1817
1817 1842
1903 1916
1916 1988
0 7
7 88
88 150
183 233
233 324
355 432
466 498
498 508
717 795
838 916
919 940
1051 1129
1129 1150
1157 1167
1417 1505
1528 1551
1619 1711
1711 1745
1803 1891
1891 1939
0 66
108 179
300 355
355 380
543 586
615 639
807 894
901 960
1094 1184
1284 1347
1391 1481
1481 1503
1503 1509
1572 1622
1622 1631
1683 1701
1701 1720
1720 1772
1811 1894
1894 1960
58 124
124 163
233 243
243 323
465 520
520 558
698 727
727 768
768 831
872 904
904 995
995 1022
1022 1094
1094 1165
1245 1306
1347 1382
1382 1399
1399 1425
1445 1487
1507 1571
0 11
11 44
44 128
171 183
183 201
201 258
258 301
301 325
379 456
736 821
839 901
904 953
953 958
987 1033
1130 1223
1223 1308
1358 1450
1450 1480
1544 1608
1726 1803
1 39
39 69
69 100
278 303
406 496
496 575
575 578
578 630
915 1002
1002 1032
1032 1119
1129 1133
1162 1219
1259 1302
1336 1391
1391 1412
1412 1442
1444 1445
1568 1640
1916 1991
0 9
9 58
142 233
233 272
324 364
405 464
496 516
516 543
575 642
642 664
721 723
723 770
813 904
904 915
940 1010
1010 1107
1107 1185
1442 1511
1511 1528
1528 1568
78 135
135 167
172 239
258 284
284 307
328 383
415 429
429 506
506 583
583 665
665 699
699 700
754 818
1240 1330
1399 1436
1509 1556
1556 1583
1583 1637
1670 1673
1837 1931
0 25
33 66
66 78
78 105
105 137
179 228
243 278
278 283
301 374
374 377
377 405
412 466
466 511
511 543
543 596
1345 1444
1571 1656
1656 1742
1742 1755
1772 1871
0 64
128 205
533 615
625 657
681 756
756 788
788 856
856 872
960 1023
1050 1131
1131 1162
1167 1225
1240 1313
1313 1325
1325 1350
1487 1551
1608 1706
1706 1778
1778 1825
1828 1912
11 28
44 142
201 300
300 339
339 412
598 680
680 681
689 732
791 839
1084 1146
1146 1190
1190 1240
1240 1284
1366 1438
1438 1527
1527 1572
1572 1616
1616 1637
1821 1900
1912 1972
64 151
151 214
214 222
222 242
380 468
468 556
642 719
830 918
974 1020
1020 1050
1050 1094
1150 1192
1192 1276
1325 1366
1366 1440
1505 1557
1657 1682
1682 1769
1778 1821
1871 1948
69 108
239 332
332 376
383 406
406 481
511 518
686 746
746 791
791 862
904 953
953 956
1062 1130
1184 1240
1240 1260
1321 1356
1356 1364
1557 1636
1636 1657
1678 1726
1726 1769
0 75
79 171
171 254
272 320
320 327
820 919
1020 1063
1063 1157
1157 1163
1163 1197
1197 1245
1245 1305
1313 1346
1401 1417
1417 1451
1551 1650
1682 1765
1817 1828
1844 1924
1924 1967
29 126
126 206
206 208
291 328
374 405
405 442
596 654
654 665
665 689
746 830
839 849
849 879
1190 1287
1287 1376
1376 1423
1423 1460
1460 1533
1533 1544
1544 1634
1711 1765
0 1
75 172
172 240
283 291
291 298
298 370
377 415
415 465
556 598
598 630
630 684
849 943
943 974
1032 1084
1225 1301
1301 1321
1376 1405
1451 1507
1583 1619
1619 1635
0 29
29 60
570 619
619 710
710 717
717 754
754 840
856 931
931 952
952 998
998 1045
1045 1046
1046 1062
1062 1091
1193 1240
1240 1321
1460 1512
1512 1556
1637 1732
1765 1844
1991
