105 164
165 237
421 513
513 548
548 565
630 678
678 735
735 753
764 819
935 986
1075 1083
1083 1151
1246 1336
1336 1375
1472 1551
1551 1591
1724 1790
1864 1919
1919 1981
2677 2743
123 165
177 237
642 694
728 742
1321 1404
1621 1716
1716 1752
1752 1780
1780 1784
1790 1821
1830 1844
1844 1867
1975 2046
2295 2390
2436 2505
2536 2553
2553 2566
2566 2589
2643 2721
2721 2772
0 93
93 105
105 139
139 171
624 683
683 756
773 819
819 844
854 936
1220 1310
1310 1380
1380 1407
1407 1489
1646 1731
1731 1771
1842 1877
1877 1938
2390 2482
2576 2674
2674 2727
25 56
181 276
276 312
408 469
707 799
799 823
911 981
1056 1071
1156 1232
1232 1282
1282 1300
1306 1336
1608 1701
1716 1778
1938 2021
2021 2037
2037 2112
2141 2170
2170 2205
2205 2236
93 120
120 130
310 403
403 429
429 493
548 618
626 642
673 721
721 767
844 881
901 990
1201 1284
1336 1407
1407 1479
1480 1525
1525 1598
2334 2431
2431 2443
2448 2505
2505 2567
0 9
9 25
365 440
440 461
474 523
1035 1132
1132 1137
1155 1175
1175 1201
1201 1251
1251 1277
1277 1297
1326 1334
1572 1668
1668 1718
2046 2130
2130 2137
2137 2189
2279 2352
2546 2589
0 20
276 352
352 355
355 400
443 496
496 502
513 596
596 673
678 699
706 758
758 790
819 846
865 958
1190 1271
1271 1349
1349 1355
2275 2368
2368 2428
2428 2440
2673 2708
0 41
161 220
220 257
288 377
539 626
786 818
1083 1181
1181 1205
1216 1246
1269 1353
1480 1529
1936 2020
2100 2144
2145 2161
2161 2204
2340 2405
2405 2449
2505 2588
2660 2731
2731 2802
5 51
53 89
216 276
312 371
404 457
457 515
515 523
523 556
618 688
1778 1871
1871 1909
1917 1922
1981 2056
2064 2087
2087 2185
2185 2275
2292 2310
2578 2640
2640 2644
2727 2783
0 27
27 58
58 103
129 186
288 367
367 381
493 575
1669 1765
1765 1769
1769 1786
1786 1832
1832 1835
1835 1842
1860 1902
1902 1926
2394 2480
2480 2547
2547 2626
2626 2669
2669 2686
9 81
91 145
196 247
496 583
714 766
782 786
786 821
824 886
886 901
907 952
1349 1433
1433 1498
1498 1583
1815 1864
2181 2279
2287 2292
2321 2402
2428 2436
2452 2524
2524 2557
130 161
225 311
336 382
440 443
461 524
556 614
626 707
721 728
728 782
782 821
861 907
1000 1092
1436 1532
1607 1664
1684 1724
1769 1818
1919 1976
1978 2064
2161 2181
2640 2731
56 91
91 96
96 139
311 395
614 691
694 714
855 939
986 1056
1056 1135
1135 1187
1210 1302
1302 1336
1414 1453
1453 1483
1483 1548
1611 1622
1871 1959
1976 2008
2132 2212
2238 2240
51 110
180 216
216 288
290 336
400 448
448 520
1117 1193
1205 1253
1253 1322
1322 1384
1453 1483
1598 1646
1646 1653
2445 2534
2557 2594
2594 2643
2643 2673
2703 2755
2755 2756
2756 2812
0 18
18 53
120 181
181 204
224 270
278 290
327 365
365 424
515 565
575 650
650 710
740 797
863 926
952 1041
1041 1112
1132 1184
1780 1863
1863 1949
1949 2030
2254 2352
18 51
51 65
66 85
96 180
352 421
565 624
624 626
884 967
967 979
979 1000
1053 1126
1151 1234
1561 1587
1701 1795
1795 1860
2310 2408
2408 2491
2491 2536
2536 2576
2576 2665
129 192
220 292
433 513
513 515
679 773
819 830
830 855
855 865
985 1075
1082 1155
1271 1291
1380 1472
1525 1536
1559 1644
1668 1731
2170 2267
2267 2305
2491 2504
2504 2546
2546 2605
323 418
429 433
438 533
533 539
753 820
820 850
981 1069
1084 1110
1175 1232
1433 1494
1494 1503
1503 1538
1538 1561
1561 1608
1731 1777
1777 1873
2027 2046
2046 2100
2100 2175
2175 2186
65 129
469 548
683 770
770 861
861 863
887 948
948 979
979 1064
1064 1117
1466 1543
1543 1568
2130 2224
2224 2267
2267 2280
2280 2320
2386 2445
2445 2448
2482 2562
2644 2651
2651 2749
0 56
276 288
288 362
362 404
404 502
604 679
679 697
918 1016
1064 1084
1084 1156
1156 1190
1232 1306
1306 1316
1316 1414
1441 1453
1697 1792
1792 1825
1867 1936
2605 2698
2743 2824
56 129
139 177
177 202
202 294
305 343
860 951
951 1046
1046 1048
1479 1558
1680 1721
1721 1724
1818 1917
1926 2009
2009 2027
2087 2099
2099 2170
2175 2179
2252 2318
2366 2386
2386 2439
371 432
457 481
650 674
742 764
1135 1220
1282 1338
1338 1436
1436 1441
1441 1470
1548 1621
1653 1680
1731 1830
1830 1834
2009 2108
2189 2252
2267 2292
2305 2366
2385 2436
2589 2673
2673 2703
0 5
5 22
51 91
710 798
830 860
860 863
886 887
948 1044
1044 1053
1053 1147
1147 1216
1219 1291
2112 2202
2240 2254
2280 2321
2321 2371
2649 2718
2731 2769
2769 2781
2786 2787
89 144
144 163
164 225
270 331
533 630
630 706
735 773
773 842
842 866
866 928
1297 1321
1321 1415
1415 1418
1418 1423
1483 1567
1568 1611
1611 1684
1902 1978
2449 2496
2651 2742
139 224
343 441
441 509
509 566
821 884
884 942
1084 1158
1158 1210
1210 1269
1322 1369
1407 1480
1480 1559
1559 1607
1625 1663
2212 2300
2300 2385
2408 2412
2534 2578
2674 2711
2711 2786
22 66
91 123
123 161
161 254
254 294
382 438
524 604
821 911
911 985
1543 1625
1625 1684
1684 1775
1775 1815
1844 1870
2371 2445
2445 2452
2452 2501
2501 2589
2589 2649
2769 2804
144 219
237 310
310 323
323 327
331 408
408 413
767 824
1121 1219
1219 1279
1355 1454
1454 1466
1466 1480
1683 1708
2046 2132
2132 2145
2145 2238
2238 2279
2286 2287
2287 2340
2340 2394
163 196
583 658
790 887
887 918
951 1035
1035 1084
1251 1302
1302 1332
1334 1396
1396 1463
1463 1547
1547 1592
1592 1640
1640 1702
1784 1848
1863 1950
1961 1975
1975 2051
2099 2141
2141 2212
509 583
936 1034
1048 1059
1494 1590
1644 1683
1683 1714
1724 1778
1778 1827
1870 1921
1921 1961
1961 1982
2037 2056
2056 2100
2100 2176
2179 2243
2243 2286
2286 2295
2295 2325
2594 2660
2660 2677
0 31
103 180
186 278
278 305
403 474
658 740
818 854
854 887
887 935
942 1033
1033 1082
1082 1121
1184 1275
1279 1326
1498 1572
1590 1607
1607 1669
1669 1697
2243 2334
2480 2538
2824
