695 794
794 837
925 931
1140 1239
1263 1286
1447 1545
1553 1637
1637 1661
1661 1691
1691 1744
1744 1778
1844 1939
1939 1989
2084 2132
2132 2170
18 37
87 111
238 303
303 319
831 925
925 934
973 1033
1127 1159
1159 1218
1218 1303
1360 1369
1389 1425
1425 1447
1447 1472
1531 1536
111 165
176 238
497 590
590 668
954 1013
1473 1544
1638 1687
1687 1775
1783 1823
1823 1836
1836 1853
1902 1990
1990 2037
2109 2139
2139 2195
321 381
381 397
744 823
837 921
931 1015
1015 1057
1140 1199
1199 1213
1213 1287
1361 1421
1955 2053
2114 2131
2131 2173
2207 2238
2238 2257
37 86
86 138
138 184
255 305
305 306
306 320
320 322
399 455
455 519
519 570
873 948
965 993
993 1002
1015 1052
1092 1098
320 379
389 454
525 610
655 695
695 718
823 862
862 961
961 1007
1070 1087
1159 1253
1259 1265
1265 1332
1621 1690
1690 1776
1776 1784
0 10
10 17
17 39
86 122
224 255
450 525
525 582
582 631
643 687
687 708
971 1048
1048 1118
1194 1258
1332 1378
1378 1447
6 59
322 396
492 585
585 611
704 758
784 873
873 955
1092 1158
1158 1195
1285 1348
1348 1419
1419 1436
1441 1499
1499 1503
1720 1766
103 179
192 264
394 436
453 470
470 497
497 553
718 796
796 801
801 873
922 941
1296 1386
1386 1432
1522 1565
1565 1621
1621 1638
0 18
344 423
423 516
585 656
656 704
704 727
1011 1031
1421 1511
1682 1776
1778 1865
1865 1871
1958 1994
1998 2082
2082 2107
2200 2283
184 236
258 319
319 364
442 502
502 517
517 591
596 645
900 926
948 1042
1104 1158
1158 1159
1239 1297
1385 1441
1504 1558
1711 1783
379 442
442 515
553 635
801 885
885 900
900 954
997 1049
1052 1104
1104 1140
1140 1161
1161 1206
1229 1270
1293 1314
1986 2083
2083 2133
708 798
798 888
896 973
973 1006
1031 1062
1087 1113
1113 1127
1286 1361
1738 1830
1830 1900
1900 1955
2053 2109
2133 2172
2172 2221
2260 2283
0 87
87 134
134 192
326 360
360 389
489 572
572 596
789 837
1414 1511
1511 1600
1704 1788
1829 1911
1994 2047
2055 2154
2154 2164
28 63
77 109
123 153
396 489
687 745
926 954
982 1070
1213 1229
1544 1642
1644 1648
1802 1884
1931 2029
2029 2055
2055 2084
2170 2247
17 35
234 326
611 673
727 786
786 789
1554 1648
1648 1682
1682 1738
1802 1826
1826 1844
1865 1931
1989 2042
2042 2072
2072 2113
2113 2123
0 2
2 28
31 48
59 77
77 137
137 176
185 208
1265 1360
1368 1449
1463 1519
1519 1553
1553 1561
1590 1637
1830 1902
1902 1958
0 6
173 252
279 344
384 442
668 762
762 807
885 965
965 968
968 997
1007 1087
1113 1140
1140 1200
1612 1706
1706 1720
2082 2158
0 31
305 384
488 575
575 654
1084 1141
1167 1215
1230 1263
1303 1345
1345 1438
1438 1524
1558 1612
1612 1644
1644 1652
1688 1704
1766 1829
2 98
102 103
137 212
299 341
341 386
386 437
446 456
610 668
668 739
1293 1385
1481 1504
1504 1522
1648 1711
1711 1738
1739 1802
196 280
798 880
880 896
921 982
1049 1092
1092 1167
1218 1246
1270 1285
1285 1304
1436 1529
1529 1551
1642 1643
1884 1946
1946 1955
2029 2034
48 94
94 123
123 173
173 185
264 336
426 444
656 735
735 808
808 831
831 832
1161 1219
1348 1349
1386 1481
1529 1554
1637 1708
0 10
10 49
153 202
364 420
673 744
744 784
837 927
961 989
989 1078
1098 1140
1140 1149
2022 2114
2155 2207
2207 2213
2221 2241
94 164
306 369
545 613
901 998
998 1084
1149 1230
1258 1296
1296 1303
1449 1502
1648 1696
1696 1739
1739 1798
1798 1886
1886 1915
2173 2260
115 196
202 299
369 434
862 922
927 942
942 971
1002 1011
1011 1091
1215 1293
1378 1463
1503 1598
1738 1823
1867 1958
1958 1986
2042 2134
63 102
109 115
165 224
224 258
360 394
394 426
434 446
446 453
453 488
488 492
492 545
832 901
1091 1180
1195 1198
1253 1293
341 439
1304 1389
1389 1440
1440 1449
1449 1473
1524 1531
1531 1590
1590 1688
1696 1746
1836 1934
1958 2022
2022 2053
2172 2203
2247 2276
2276 2277
0 59
208 276
276 279
279 287
319 321
321 330
330 399
436 450
517 589
1158 1242
1242 1311
1314 1368
1369 1414
2203 2262
2262 2269
456 548
548 569
590 643
643 707
739 798
1013 1092
1092 1144
1180 1194
1198 1259
1297 1383
1687 1769
1769 1867
1915 1998
1998 2022
2022 2109
0 51
164 234
397 491
575 655
655 690
1565 1621
1621 1629
1708 1802
1802 1813
1813 1816
1871 1931
1939 2012
2083 2109
2134 2155
2155 2200
2283
