9 23
239 318
341 347
368 403
472 514
788 852
882 933
1009 1076
1076 1089
1197 1206
1268 1314
2739 2823
2830 2890
2943 2953
3054 3088
11 56
852 894
1499 1594
1615 1712
1746 1789
1789 1829
1829 1854
1854 1876
2017 2074
2074 2089
2146 2205
2415 2448
2754 2837
3382 3454
3454 3481
0 15
577 669
669 751
1224 1300
2075 2162
2199 2292
2678 2708
2901 2997
2997 3018
3055 3131
3237 3298
3502 3564
3564 3571
3629 3650
3650 3688
0 36
268 364
521 598
1391 1488
1488 1514
1520 1533
1533 1623
1686 1746
1982 2073
2815 2901
2901 2975
2975 3039
3114 3156
3324 3417
3417 3418
120 147
165 226
1567 1654
1654 1656
1656 1686
1686 1733
1795 1853
2081 2086
2754 2837
2864 2936
3270 3341
3341 3393
3393 3441
3441 3495
3495 3522
8 52
104 170
170 171
171 183
187 208
208 232
232 251
251 257
356 387
669 719
1132 1216
1295 1329
1480 1539
1783 1847
1854 1907
32 83
116 164
164 203
471 546
546 559
2142 2236
2237 2242
2342 2415
2447 2485
2485 2513
2513 2590
2590 2630
2770 2815
3439 3528
3551 3640
0 5
58 93
817 904
904 952
959 984
1036 1040
1148 1224
1224 1246
2282 2374
2397 2474
2474 2560
2560 2595
2650 2693
3179 3254
3254 3315
39 88
121 162
705 785
791 817
817 835
835 865
865 908
933 983
983 1009
1089 1112
1112 1134
1134 1204
1204 1248
1646 1699
1704 1745
0 41
41 44
44 49
88 118
527 620
620 696
1216 1302
1323 1343
1343 1415
1603 1669
1794 1875
1875 1912
1924 1961
1989 2037
2037 2051
23 50
50 58
403 471
471 472
662 738
738 749
749 794
794 874
882 906
1715 1802
1802 1850
1983 2028
2258 2342
2342 2376
2376 2383
447 527
527 531
926 1010
1010 1015
1031 1083
2320 2395
2415 2419
2604 2697
2697 2730
2730 2764
2837 2914
2932 2987
3057 3104
3357 3440
3441 3502
6 69
120 187
187 215
1491 1585
1712 1770
2326 2381
2495 2519
2519 2617
2653 2744
2870 2961
2961 2978
2978 3015
3015 3055
3055 3066
3066 3084
115 158
158 165
165 168
241 308
325 360
383 422
449 530
2200 2299
2315 2385
2448 2476
2512 2590
3087 3175
3300 3380
3417 3458
3483 3551
56 103
103 120
158 248
294 341
341 347
947 1033
1033 1057
1057 1114
1114 1132
1144 1218
1259 1323
1654 1660
1789 1794
3162 3258
3417 3469
49 103
168 217
359 426
507 558
558 577
577 643
680 731
731 784
788 792
1845 1940
2258 2286
2325 2370
2370 2397
2397 2399
2978 3046
36 82
82 132
361 435
597 662
847 911
911 926
926 1000
1875 1965
1965 1982
2744 2842
2842 2870
2914 2932
2932 2988
3131 3211
3527 3579
83 134
134 170
1493 1591
1591 1599
1909 1989
2595 2672
2708 2769
2769 2864
3018 3087
3088 3101
3101 3135
3135 3179
3184 3201
3201 3202
3211 3248
164 239
278 284
284 300
300 361
422 467
467 524
524 549
549 563
563 594
620 632
643 645
645 689
3390 3488
3488 3535
3535 3542
0 49
170 241
639 673
904 909
1513 1603
1603 1654
1654 1672
1812 1878
2050 2106
2106 2155
2155 2193
2193 2237
2237 2258
2370 2444
2465 2512
435 516
516 520
546 575
961 1057
1134 1212
1241 1321
1328 1393
1877 1938
1965 2049
2049 2075
2123 2159
2177 2244
2561 2621
2621 2637
2903 2970
6 39
215 268
268 319
319 325
1030 1125
1125 1216
1236 1247
1247 1268
1268 1344
1416 1448
1727 1783
1940 2017
2037 2078
2383 2465
2465 2483
74 121
248 266
493 573
598 680
680 701
701 725
843 910
933 1001
1271 1352
1393 1442
1460 1499
1787 1816
1816 1836
3458 3537
3609 3647
319 401
401 471
583 639
696 762
762 778
1553 1615
1671 1698
1722 1728
1733 1734
2970 3058
3135 3180
3355 3382
3382 3390
3542 3629
3647 3688
170 248
283 304
420 507
1147 1235
1235 1268
1268 1283
2106 2174
2174 2211
2374 2407
2407 2437
2437 2485
2555 2584
2637 2653
2852 2893
3084 3114
134 207
1424 1510
1548 1567
1816 1915
1915 1993
2174 2250
2250 2258
2280 2325
2399 2495
2495 2538
2678 2725
2725 2733
2733 2758
3382 3439
3501 3592
0 6
1563 1652
1671 1722
1734 1787
1787 1873
1873 1937
2242 2298
2474 2555
2571 2577
2577 2630
2755 2817
3015 3067
3067 3118
3118 3184
3184 3206
563 650
1010 1106
1106 1131
1131 1197
1444 1536
1538 1582
1635 1703
1745 1795
1795 1818
1864 1909
1909 1981
3289 3382
3382 3391
3488 3501
3522 3609
183 278
278 294
304 368
1125 1197
1197 1229
1229 1233
1429 1480
1652 1704
1752 1787
1787 1864
2818 2857
3206 3278
3418 3483
3483 3529
3633 3700
785 847
847 877
1229 1328
1347 1414
1414 1491
1539 1548
1728 1784
1850 1924
2653 2739
2871 2934
3101 3182
3202 3284
3284 3355
3355 3417
3417 3473
0 6
835 933
983 1031
1033 1036
1106 1151
1151 1236
1283 1314
1314 1357
1357 1371
1442 1512
1512 1528
1938 2025
2089 2114
2167 2229
2229 2315
291 383
719 817
819 910
911 941
941 976
1001 1030
1067 1147
1684 1783
1787 1812
2376 2429
2522 2571
3156 3253
3284 3318
3535 3633
3633 3646
82 116
217 283
422 505
794 872
874 884
2491 2586
2586 2650
2650 2693
2716 2781
2781 2818
2988 3061
3066 3099
3117 3162
3162 3167
3175 3193
0 11
15 36
164 206
401 471
478 521
549 597
761 819
819 873
873 882
884 901
952 1025
1025 1067
1067 1085
1414 1490
1698 1727
751 843
872 961
1388 1416
1416 1424
1424 1437
1878 1970
1970 1983
2005 2050
2067 2114
2114 2150
2155 2199
2586 2653
2653 2678
2678 2755
3067 3110
27 115
115 151
151 164
226 291
347 356
356 401
1802 1891
2159 2238
2485 2584
2584 2678
2733 2770
2770 2846
3280 3379
3379 3417
3488 3567
0 32
118 183
984 1070
1070 1114
1114 1116
1212 1267
1329 1395
1395 1445
1507 1538
1538 1604
3182 3270
3270 3280
3280 3326
3326 3382
3382 3418
49 104
505 583
594 649
673 735
1083 1148
1961 2058
2058 2067
2095 2142
2150 2206
2206 2298
2298 2319
2538 2604
2604 2644
2676 2696
3564 3661
50 131
183 226
689 761
792 863
877 882
1116 1172
1631 1715
1715 1768
1907 2005
2086 2162
2162 2177
2264 2348
2513 2561
2893 2958
2958 2977
1923 2022
2058 2081
2081 2095
2095 2098
2098 2123
2188 2283
2292 2345
2345 2367
2381 2412
2412 2415
2590 2676
2676 2716
2764 2830
3579 3659
3688 3707
0 8
93 130
293 383
1000 1098
1098 1115
1343 1431
1437 1472
1501 1553
1591 1592
2769 2868
2868 2904
2961 2990
3110 3187
3187 3205
3469 3524
347 423
423 456
456 493
558 639
639 710
731 788
1300 1388
1431 1460
1472 1513
1513 1520
1520 1563
1592 1599
1599 1631
1631 1646
1646 1662
5 27
36 74
74 95
95 120
120 129
226 276
308 359
1103 1186
1186 1259
1599 1684
2114 2167
2167 2188
2188 2200
2238 2248
2248 2282
702 791
863 947
1829 1923
2114 2196
2196 2238
2238 2264
2264 2280
2286 2326
2405 2460
2476 2491
2491 2522
2630 2703
3393 3488
3488 3527
3528 3539
251 303
303 374
374 449
467 478
650 727
977 1052
1076 1144
1206 1261
2206 2296
2299 2320
2320 2382
2382 2405
2936 3031
3046 3054
3258 3324
1204 1295
1302 1347
1347 1391
1406 1429
1528 1575
1575 1635
1635 1671
1671 1752
1752 1776
2236 2296
3008 3070
3104 3117
3201 3289
3289 3327
3327 3373
1151 1241
1357 1444
1444 1493
1768 1845
1845 1877
1877 1905
2367 2447
2693 2754
2754 2829
2829 2852
2866 2871
2871 2914
2977 3008
3039 3119
3253 3321
738 830
910 977
1025 1103
1103 1142
1197 1271
1359 1406
1445 1501
2584 2665
2703 2754
2781 2866
2866 2878
2878 2903
2997 3061
3061 3131
3193 3242
426 499
573 646
646 705
705 752
752 788
788 869
901 959
1321 1359
1448 1481
1488 1507
1656 1671
2846 2943
2943 2968
2990 3057
3529 3618
0 9
171 229
229 293
374 420
420 422
423 447
575 643
643 647
647 702
2051 2146
2837 2935
3180 3237
3237 3300
3326 3357
3650 3681
3707
